0.00000000000789453483
0.00000000000123074963
0.00000000003464595001
0.00000000002921012640
0.00000000004497275176
0.00000000002876071278
0.00000000103801617952
0.00000000002421656522
0.00000000002238668582
0.00000000001593017466
0.00000000003701543179
0.00000000002768188977
0.00000000006711520294
0.00000000020011826137
0.00000000002908413403
0.00000000001175860087
0.00000000000741638695
0.00000000003605220473
0.00000000000196537198
0.00000000202784935068
0.00000000220052632192
0.00000000005245591602
0.00000000000239270485
0.00000000001268466441
0.00000000002546548378
0.00000000003119696266
0.00000000010293753003
0.00000001311142778680
0.00000000003306964349
0.00000000002005727962
0.00000000007675706349
0.00000000001390577204
0.00000000001034546732
0.00000000139425662096
-0.00000000000486216319
0.00000000009820856454
0.00000000000619401904
0.00000000000293898759
0.00000000000915226011
0.00000000001285047741
0.00000000097930819877
0.00000000214467490121
0.00000000005488277367
0.00000000003569410143
0.00000000000595859364
0.00000000000778947458
0.00000000000177086882
0.00000000001333497473
0.00000000143140006553
0.00000000493268693599
0.00000000098572720917
0.00000000005524492430
0.00000000006674059027
0.00000000000827929988
0.00000000021630196440
0.00000000015950099965
0.00000000235225728305
0.00000000013897084048
0.00000000055150909816
0.00000000001428938998
0.00000000001196090286
-0.00000000001035296371
0.00000000148973041195
0.00000000000440659155
0.00000000002570611768
0.00000000001181469983
0.00000000014223415761
0.00000000001223578465
0.00000001033669657291
0.00000000001395292437
0.00000000002176524174
0.00000000005274305667
0.00000000143102115314
-0.00000000001015458724
0.00000000244304820297
0.00000000001296046224
0.00000000000051308903
-0.00000000000143183219
0.00000000073519881827
0.00000000105659939088
0.00000000107493942914
0.00000000000157959849
0.00000000001665080568
0.00000000000272689835
0.00000000003505866062
0.00000000025599862096
0.00000000672039095206
0.00000000002945529319
0.00000000001748197843
0.00000000004086092987
0.00000000019231341931
0.00000000348451291172
0.00000000896937312270
0.00000000000174323013
-0.00000000000023161475
0.00000000005187729478
-0.00000000000408644060
0.00000000000619396158
0.00000003811820807609
0.00000000015536618519
0.00000000000180339944
0.00000000001602386518
0.00000000000952754553
0.00000000003040027019
0.00000000069578254248
0.00000000042668064091
0.00000000000857455204
0.00000000001405685778
0.00000000004775455725
0.00000000023560815072
0.00000000177633805104
0.00000000021706385647
-0.00000000000153362717
0.00000000001649877338
0.00000000000598526263
0.00000000129254684278
0.00000000015180545926
0.00000000000789453483
0.00000000000000000000
0.00000000000000000000
0.00000000000126904238
0.00000007253297776635
0.00000000000000000000
0.00000000005294679192
0.00000000060158567255
0.00000000000000000000
0.00000000001586993330
0.00000000023183521747
0.00000002115299043218
0.00000000005148362314
0.00000000008039941878
0.00000000177998023937
0.00000000093625925979
0.00000000011041392583
0.00000000072562651959
0.00000000000000000000
0.00000000103801617952
0.00000000004349821740
0.00000000002421656522
0.00000000000000000000
0.00000000000000000000
0.00000000002180948342
0.00000040622841620402
0.00000000000000000000
0.00000000000979218047
0.00000000102679049746
0.00000000000000000000
0.00000000004514884045
0.00000000006177027542
0.00000020722994629498
0.00000000000191797197
0.00000000014051243535
0.00000000835055682675
0.00000001866374534998
0.00000000081139462163
0.00000000384142586100
0.00000000000000000000
0.00000000020011826137
-0.00000000000861332707
0.00000000002908413403
0.00000000000000000000
0.00000000000000000000
0.00000000001097492756
0.00000157731251313603
0.00000000000000000000
0.00000000000915556097
0.00000000001525497957
0.00000000000000000000
0.00000000014401861257
0.00000000018726313555
0.00000047411044138725
-0.00000000000341769842
0.00000000002653660299
0.00000000038224779895
0.00000000897407292401
0.00000000192823952508
0.00000000251129111386
0.00000000000000000000
0.00000000220052632192
0.00000000121708843221
0.00000000005245591602
0.00000000000000000000
0.00000000000000000000
0.00000000000269979872
0.00000004580785351212
0.00000000000000000000
0.00000000000699264767
0.00000000045358141592
0.00000000000000000000
0.00000000006935260536
0.00000000000426924262
0.00000032103201795530
0.00000000007753742288
0.00000000001946297323
0.00000000125518692011
0.00000002244740391700
0.00000000014784460201
0.00000000395512058998
0.00000000000000000000
0.00000001311142778680
0.00000001004556112339
0.00000000003306964349
0.00000000000000000000
0.00000000000000000000
0.00000000001912497060
0.00000001585734439764
0.00000000000000000000
0.00000000005892238238
0.00000000108332139093
0.00000000000000000000
0.00000000001447004495
0.00000000003229739165
0.00000169281328618945
0.00000000004806058232
-0.00000000000243162651
0.00000002028752085293
0.00000000436926303948
0.00000000142691465674
0.00000000094446469699
0.00000000000000000000
-0.00000000000486216319
0.00000000010142765794
0.00000000009820856454
0.00000000000000000000
0.00000000000000000000
0.00000000000524778983
0.00000002855326793581
0.00000000000000000000
0.00000000000279524125
0.00000000059619623995
0.00000000000000000000
0.00000000007927215872
0.00000000009133382744
0.00000104301993696099
-0.00000000000553196573
0.00000000012029897282
0.00000000053646422547
0.00000001592983318172
0.00000000038459827770
0.00000000302089877852
0.00000000000000000000
0.00000000214467490121
0.00000000360277394810
0.00000000005488277367
0.00000000000000000000
0.00000000000000000000
0.00000000003569410143
0.00000000000000000000
0.00000000000000000000
0.00000000000521543681
0.00000000009869265908
0.00000000000000000000
0.00000000004381676044
0.00000000009187144448
0.00054248005707846492
0.00000000006702743840
0.00000000003185772544
0.00000000001764928828
0.00000000018244710734
0.00000000000399848579
0.00000000025155495438
0.00000000009191558192
0.00000000190959938530
0.00000000007442367913
0.00000000493268693599
0.00000000000000000000
0.00000000000000000000
0.00000000098572720917
0.00000000000000000000
0.00000000000000000000
0.00000000006437920357
0.00000000002590302669
0.00000000000000000000
0.00000000008897295379
0.00000000008767913240
0.00012882410025083502
0.00000000000931716152
0.00000000001356773689
0.00000000377356789566
0.00000000122685885886
0.00000000013650462358
0.00000000032416522071
0.00000000790675974477
0.00000000040247085439
0.00000000044057820630
0.00000000235225728305
0.00000000000000000000
0.00000000000000000000
0.00000000013897084048
0.00000000000000000000
0.00000000000000000000
0.00000000064488357623
0.00000000027131975226
0.00000000000000000000
0.00000000008129154641
0.00000000011726572729
0.00218945537121334466
-0.00000000000475964407
0.00000000006939181890
0.00000000014164894171
0.00000000062996102258
0.00000000008165248252
0.00000000129628429822
0.00000000252330784479
0.00000000166506983418
0.00000000134223491111
