0 13077068 16582 0.975101
1 13077069 16582 0.975179
2 13077070 16582 0.975316
3 13077073 16582 0.975372
4 13077075 16582 0.975485
5 13077081 16582 0.975508
6 13078001 16582 0.975478
7 13078003 16582 0.975569
8 13078004 16582 0.975492
9 13078006 16582 0.975526
10 13078007 16582 0.975473
11 13078009 16582 0.975179
12 13078011 16582 0.975359
13 13078012 16582 0.975389
14 13078014 16582 0.975511
15 13078035 16586 1.023510
16 13078036 16586 1.023474
17 13078040 16586 1.023396
18 13078042 16586 1.023511
19 13078045 16586 1.023442
20 13078051 16586 1.023417
21 13078052 16586 1.023443
22 13078054 16586 1.023540
23 13078055 16586 1.023378
24 13078057 16586 1.023424
25 13078058 16586 1.023457
26 13079031 16587 0.995895
27 13079032 16587 0.996054
28 13079033 16587 0.996177
29 13079034 16587 0.996315
30 13079035 16587 0.996367
31 13079036 16587 0.996439
32 13079037 16587 0.996587
33 13079038 16587 0.996718
34 13079073 16592 0.955254
35 13079074 16592 0.955208
36 13079075 16592 0.955183
37 13079076 16592 0.955292
38 13079077 16592 0.955256
39 13079079 16592 0.955590
40 13080002 16592 0.955671
41 13080003 16592 0.955838
42 13080004 16592 0.955803
43 13080005 16592 0.955907
44 13080011 16593 1.041684
45 13080013 16593 1.041316
46 13080014 16593 1.040989
47 13080015 16593 1.040674
48 13080083 16594 0.955030
49 13080084 16594 0.954975
50 13080085 16594 0.954779
51 13080086 16594 0.954752
52 13080090 16594 0.954150
53 13080093 16594 0.953987
54 13080096 16594 0.953673
55 13084001 16619 0.958721
56 13084004 16619 0.958618
57 13084007 16619 0.958382
58 13084008 16619 0.958377
59 13084027 16620 0.954729
60 13084028 16620 0.954647
61 13084032 16620 0.954512
62 13084034 16620 0.954717
63 13084035 16620 0.954586
64 13084036 16620 0.954640
65 13084037 16620 0.954600
66 13084038 16620 0.954572
67 13084039 16620 0.954470
68 13084040 16620 0.954395
69 13084041 16620 0.954320
70 13085004 16622 0.957139
71 13085005 16622 0.957126
72 13085006 16622 0.957068
73 13085007 16622 0.957155
74 13085008 16622 0.957236
75 13085009 16622 0.957273
76 13085010 16622 0.957351
77 13085011 16622 0.957351
78 13085029 16625 1.028437
79 13085030 16625 1.028253
80 13085031 16625 1.028055
81 13085032 16625 1.027963
82 13085033 16625 1.027876
83 13085034 16625 1.027669
84 13085035 16625 1.027565
85 13085036 16625 1.027511
86 13085041 16625 1.027387
87 13085046 16625 1.027187
88 13085047 16625 1.027119
89 13085061 16626 0.954916
90 13086067 16627 1.041626
91 13086069 16627 1.041712
92 13086070 16627 1.041773
93 13086071 16627 1.041836
94 13086078 16627 1.041793
95 13086079 16627 1.041838
96 13086080 16627 1.041846
97 13086081 16627 1.041803
98 13086082 16627 1.041853
99 13086083 16627 1.041773
100 13086085 16627 1.041892
101 13086087 16627 1.041918
102 13086088 16627 1.041937
103 13087011 16632 1.044102
104 13087012 16632 1.044051
105 13087015 16632 1.043936
106 13087016 16632 1.043942
107 13089024 16643 0.953383
108 13089027 16643 0.953359
109 13090005 16650 1.027374
110 13090006 16650 1.027259
111 13090007 16650 1.027351
112 13090008 16650 1.027297
113 13090011 16650 1.027397
114 13090015 16650 1.027416
115 13090016 16650 1.027417
116 13090017 16650 1.027417
117 13090018 16650 1.027434
118 13090019 16650 1.027410
119 13090021 16650 1.027384
120 13090022 16650 1.027399
121 13090023 16650 1.027408
122 13090035 16655 0.936887
123 13090039 16655 0.936310
124 13090040 16655 0.936068
125 13090043 16655 0.936069
126 13090048 16655 0.935886
127 13090049 16655 0.935753
128 13091005 16655 0.935554
129 13091009 16655 0.935434
130 13091011 16655 0.935355
131 13091012 16655 0.935269
132 13091019 16656 1.029014
133 13091020 16656 1.028939
134 13091023 16656 1.028803
135 13091024 16656 1.028769
136 13091025 16656 1.028818
137 13091027 16656 1.028772
138 13091034 16656 1.028790
139 13091036 16656 1.028837
140 13091037 16656 1.028829
141 13091038 16656 1.028842
142 13092005 16659 0.977182
143 13092006 16659 0.977008
144 13092008 16659 0.976961
145 13092036 16662 1.047475
146 13092037 16662 1.047569
147 13092038 16662 1.047663
148 13092039 16662 1.047679
149 13092040 16662 1.047735
150 13092042 16662 1.047753
151 13092044 16662 1.047799
152 13092045 16662 1.047903
153 13092046 16662 1.047808
154 13093015 16667 0.967997
155 13093018 16667 0.968089
156 13093020 16667 0.968124
157 13093023 16667 0.968168
158 13093030 16667 0.968073
159 13093034 16667 0.968070
160 13093035 16667 0.968090
161 13093036 16667 0.968079
162 13093044 16668 0.934173
163 13093045 16668 0.934231
164 13093046 16668 0.934205
165 13094001 16668 0.934280
166 13094003 16668 0.934354
167 13094011 16668 0.934331
168 13094013 16668 0.934285
169 13094014 16668 0.934330
170 13094015 16668 0.934247
171 13094016 16668 0.934227
172 13094017 16668 0.934115
173 13094018 16668 0.934139
174 13094021 16668 0.934144
175 13095014 16671 0.945960
176 13095015 16671 0.945959
177 13095043 16678 1.051275
178 13095045 16678 1.051875
179 13095049 16678 1.052057
180 13096001 16678 1.051971
181 13096003 16678 1.052023
182 13096004 16678 1.052202
183 13096060 16685 0.979117
184 13096061 16685 0.979996
185 13096063 16685 0.981192
186 13096069 16685 0.983674
187 13096070 16685 0.984339
188 13097002 16685 0.985354
189 13097003 16685 0.985770
190 13097004 16685 0.986095
191 13097005 16685 0.986423
192 13097007 16685 0.986961
193 13097021 16686 1.025892
194 13097022 16686 1.025681
195 13097023 16686 1.025325
196 13097024 16686 1.025033
197 13097026 16686 1.024690
198 13097027 16686 1.024502
199 13097029 16686 1.024303
200 13097032 16686 1.023929
201 13097033 16686 1.023670
202 13097034 16686 1.023450
203 13097036 16686 1.023119
204 13097037 16686 1.022976
205 13097038 16686 1.022844
206 13097039 16686 1.022705
207 13100003 16697 1.062640
208 13100004 16697 1.062716
209 13100005 16697 1.062690
210 13100006 16697 1.062698
211 13100008 16697 1.062610
212 13100010 16697 1.062626
213 13100011 16697 1.062613
214 13100012 16697 1.062573
215 13100013 16697 1.062609
216 13100014 16697 1.062580
217 13100025 16698 1.037453
218 13100026 16698 1.037169
219 13100027 16698 1.036793
220 13100029 16698 1.036586
221 13100030 16698 1.036675
222 13100031 16698 1.036858
223 13100033 16698 1.036964
224 13100034 16698 1.037095
225 13100037 16698 1.037066
226 13100038 16698 1.037055
227 13100042 16698 1.037103
228 13100049 16699 0.947224
229 13100053 16699 0.947601
230 13100054 16699 0.947849
231 13100055 16699 0.948258
232 13100056 16699 0.948774
233 13100060 16699 0.949372
234 13101002 16699 0.949825
235 13101003 16699 0.950010
236 13101004 16699 0.950068
237 13101005 16699 0.950002
238 13101006 16699 0.949849
239 13101013 16701 0.963465
240 13101015 16701 0.963619
241 13101021 16701 0.963711
242 13101024 16701 0.963541
243 13101026 16701 0.963297
244 13101027 16701 0.963178
245 13101039 16704 1.057431
246 13101040 16704 1.057568
247 13101041 16704 1.057514
248 13101042 16704 1.057350
249 13101043 16704 1.057074
250 13101044 16704 1.056775
251 13101045 16704 1.056627
252 13101047 16704 1.056185
253 13101048 16704 1.055895
254 13101049 16704 1.055787
255 13101050 16704 1.055515
256 13101058 16705 1.015416
257 13101060 16705 1.016448
261 13104012 16716 0.964151
262 13104043 16720 1.049802
263 13104044 16720 1.049909
264 13104045 16720 1.050483
265 13104046 16720 1.050953
266 13104047 16720 1.051150
267 13104050 16720 1.051384
268 13104054 16720 1.051761
269 13104056 16720 1.051817
270 13104057 16720 1.051887
271 13104059 16720 1.052043
272 13104060 16720 1.051970
273 13104061 16720 1.051966
274 13105006 16722 0.953760
275 13105007 16722 0.953816
276 13105008 16722 0.953761
277 13105009 16722 0.953719
278 13105010 16722 0.953599
279 13105011 16722 0.953553
280 13105014 16722 0.953447
281 13105015 16722 0.953443
282 13105016 16722 0.953448
283 13105017 16722 0.953454
284 13105018 16722 0.953474
285 13105038 16723 0.991358
286 13105039 16723 0.991060
287 13105040 16723 0.990887
288 13105041 16723 0.990704
289 13106069 16726 1.005594
290 13106071 16726 1.005551
291 13106072 16726 1.005385
292 13106073 16726 1.005372
293 13106074 16726 1.005344
294 13106075 16726 1.000452
295 13106076 16726 0.999164
296 13107001 16726 0.998733
297 13107002 16726 0.998713
298 13107003 16726 0.998617
299 13107015 16727 0.951223
300 13107017 16727 0.951144
301 13107019 16727 0.951173
302 13107024 16727 0.951081
303 13107025 16727 0.951177
304 13107027 16727 0.951187
305 13107028 16727 0.951330
306 13107029 16727 0.951326
307 13107031 16727 0.951286
308 13107032 16727 0.951299
309 13107034 16727 0.951180
310 13108001 16730 1.013156
311 13108002 16730 1.013370
312 13108008 16730 1.013580
313 13108010 16730 1.016783
314 13108011 16730 1.017298
315 13108012 16730 1.017266
316 13108013 16730 1.017249
317 13108016 16730 1.016892
318 13108025 16731 1.064522
319 13108031 16731 1.064793
320 13108040 16731 1.062359
321 13108072 16732 0.958667
322 13109014 16735 1.036429
323 13109015 16735 1.036521
324 13109016 16735 1.036524
325 13109026 16735 1.036621
326 14107139 17396 1.072760
327 14107141 17396 1.072885
328 14107144 17396 1.073253
329 14108001 17396 1.073247
330 14108002 17396 1.073522
331 14109045 17403 0.927007
332 14109046 17403 0.927287
333 14122006 17447 1.033186
334 14122008 17447 1.032641
335 14122009 17447 1.031857
336 14122013 17447 1.031216
337 14122014 17447 1.031291
338 14122015 17447 1.031433
339 14122017 17447 1.031544
340 14122018 17447 1.031698
341 14122019 17447 1.031593
342 14122020 17447 1.031528
343 14122021 17447 1.031716
344 14122024 17447 1.032423
345 14122025 17447 1.032999
347 14122060 17451 1.031915
348 14122061 17451 1.031886
349 14122062 17451 1.032097
350 14123001 17451 1.032318
351 14123002 17451 1.032385
352 14123004 17451 1.032394
353 14123005 17451 1.032467
354 14123008 17451 1.032669
355 14123009 17451 1.032782
356 14123010 17451 1.032881
357 14123015 17452 0.963135
358 14123016 17452 0.962523
359 14123019 17452 0.961751
360 14123025 17452 0.962058
361 14123026 17452 0.962236
363 14123077 17454 1.027721
364 14123078 17454 1.028283
365 14124001 17454 1.028850
366 14124003 17454 1.029496
368 14124007 17454 1.030478
369 14124025 17455 1.043991
370 14124026 17455 1.043630
371 14124027 17455 1.043343
372 14124029 17455 1.042808
373 14124034 17455 1.041557
374 14124035 17455 1.041393
376 14124038 17455 1.040629
377 14125002 17461 0.974808
378 14125004 17461 0.974191
379 14129022 17479 1.028696
380 14129023 17479 1.028891
381 14129024 17479 1.029091
382 14129026 17479 1.029258
383 14129028 17479 1.029517
384 14129029 17479 1.029538
387 14130035 17485 0.970362
388 14130037 17485 0.969881
389 14130039 17485 0.969487
390 14130041 17485 0.969338
391 14130043 17485 0.969111
392 14131001 17486 1.019679
393 14131003 17486 1.019641
394 14131022 17488 1.024278
395 14131024 17488 1.024370
396 14131025 17488 1.024252
397 14131026 17488 1.024282
398 14131028 17488 1.024379
399 14131029 17488 1.025120
400 14132006 17491 0.995505
401 14132007 17491 0.995718
403 14132018 17491 0.995777
404 14132019 17491 0.995816
405 14132021 17491 0.995809
407 14132024 17491 0.995680
408 14132026 17491 0.995717
409 14132039 17492 0.972757
410 14132040 17492 0.972311
411 14132041 17492 0.971865
413 14132058 17494 1.032100
414 14132059 17494 1.032569
415 14132060 17494 1.032832
417 14132067 17494 1.033857
418 14132068 17494 1.033982
419 14132076 17494 1.034087
420 14132077 17494 1.034228
421 14132078 17494 1.034322
422 14132079 17494 1.034428
423 14132080 17494 1.034390
424 14132082 17494 1.034492
425 14133002 17494 1.034652
426 14133004 17494 1.034687
427 14135001 17502 1.031115
428 14135002 17502 1.032231
429 14135003 17502 1.032845
430 14135004 17502 1.033007
431 14135007 17502 1.032823
432 14136002 17512 1.039086
433 14136004 17512 1.039572
434 14136005 17512 1.039560
435 14136006 17512 1.039659
436 14136007 17512 1.039586
439 14136014 17512 1.039883
440 14136030 17513 1.047555
441 14136031 17513 1.045502
442 14136032 17513 1.045358
443 14136035 17513 1.045233
444 14136036 17513 1.045177
445 14136037 17513 1.045248
446 14136047 17514 0.966451
447 14136048 17514 0.966375
448 14136049 17514 0.966545
449 14136053 17514 0.966466
450 14136054 17514 0.966429
451 14136055 17514 0.966339
452 14136056 17514 0.966278
453 14136057 17514 0.966229
454 14136059 17514 0.966146
455 14136060 17514 0.966060
456 14136061 17514 0.965950
457 14137001 17514 0.965838
458 14137002 17514 0.965877
459 14137003 17514 0.965800
460 14137004 17514 0.965779
461 14137005 17514 0.965708
462 14137009 17515 0.961141
463 14137010 17515 0.959823
464 14137011 17515 0.959270
465 14137012 17515 0.958895
466 14137013 17515 0.958577
467 14137017 17515 0.958256
468 14137019 17515 0.958317
469 14137020 17515 0.958204
470 14137021 17515 0.958230
471 14138002 17518 1.039354
472 14138003 17518 1.038860
473 14138004 17518 1.038671
474 14138005 17518 1.038561
475 14138006 17518 1.038431
476 14138007 17518 1.038473
477 14138011 17518 1.038432
478 14138012 17518 1.038572
479 14138041 17520 0.959407
480 14138044 17520 0.959975
481 14138045 17520 0.959993
482 14138047 17520 0.959989
483 14138048 17520 0.960051
484 14138050 17520 0.959956
485 14138051 17520 0.959889
486 14138052 17520 0.959777
488 14138061 17520 0.959738
489 14138062 17520 0.959672
490 14138063 17520 0.959629
491 14138065 17520 0.959690
492 14138066 17520 0.959568
497 14139019 17521 0.963446
498 14139021 17521 0.963255
499 14139022 17521 0.963100
500 14139023 17521 0.962992
501 14139043 17524 0.978578
502 14139044 17524 0.977039
503 14139046 17524 0.976083
504 14139047 17524 0.975846
505 14139049 17524 0.975487
506 14139050 17524 0.975350
507 14139052 17524 0.973607
509 14139059 17526 1.033336
510 14139060 17526 1.034185
511 14139062 17526 1.034727
512 14139065 17526 1.035288
513 14139068 17526 1.035537
514 14139069 17526 1.035730
515 14139071 17526 1.035956
516 14140002 17526 1.036125
517 14140006 17526 1.036440
518 14140007 17526 1.036522
519 14140008 17526 1.036534
521 14140016 17527 1.035298
522 14140020 17527 1.035971
523 14140021 17527 1.036015
524 14140022 17527 1.036047
527 14140026 17527 1.036113
532 14140044 17529 0.972789
533 14140045 17529 0.972456
534 14140046 17529 0.972153
535 14140047 17529 0.972004
536 14140048 17529 0.971948
537 14140050 17529 0.971946
538 14140053 17529 0.972010
539 14140054 17529 0.972013
540 14140055 17529 0.971993
541 14140056 17529 0.971973
542 14140057 17529 0.972043
543 14140060 17529 0.972011
554 14141050 17533 1.017944
555 14141052 17533 1.018271
556 14141057 17533 1.019123
557 14141069 17534 1.040678
558 14141070 17534 1.041664
559 14141071 17534 1.041686
560 14141072 17534 1.040877
561 14142002 17534 1.040203
563 14142007 17534 1.039233
564 14142009 17534 1.038871
565 14142011 17534 1.038664
566 14142012 17534 1.038552
567 14142014 17534 1.038426
568 14142016 17534 1.038214
569 14142017 17534 1.038134
573 14143093 17543 1.029287
574 14143111 17544 1.026670
575 14143112 17544 1.027099
576 14143113 17544 1.027506
577 14143114 17544 1.027673
578 14143115 17544 1.027779
579 14143116 17544 1.027938
580 14143118 17544 1.028185
581 14143119 17544 1.028315
582 14143121 17544 1.028544
583 14144024 17545 1.019685
584 14144025 17545 1.019722
585 14144026 17545 1.019614
586 14144027 17545 1.019439
587 14144028 17545 1.019551
588 14144030 17545 1.019505
589 14144032 17545 1.019103
590 14144035 17545 1.019231
591 14144036 17545 1.019064
592 14145009 17550 0.966689
593 14145010 17550 0.966504
594 14145011 17550 0.966320
595 14145021 17550 0.965826
598 14145024 17550 0.965651
599 14145025 17550 0.965607
601 14145029 17550 0.965456
602 14145030 17550 0.965363
603 14145031 17550 0.965302
604 14145032 17550 0.965183
605 14145033 17550 0.965228
606 14145034 17550 0.965136
610 14145068 17553 0.994576
611 14145070 17553 0.994341
612 14145072 17553 0.994181
613 14145073 17553 0.994094
614 14145075 17553 0.993867
615 14145076 17553 0.993708
616 14145077 17553 0.993539
618 14145081 17553 0.993240
619 14145082 17553 0.993197
620 14145084 17553 0.992923
621 14145085 17553 0.992968
622 14145090 17553 0.992878
623 14146006 17554 1.073913
624 14146007 17554 1.074675
625 14146008 17554 1.075049
626 14146010 17554 1.075412
627 14146011 17554 1.075691
628 14146012 17554 1.075858
629 14146014 17554 1.076045
630 14146015 17554 1.076244
631 14146016 17554 1.076365
632 14146017 17554 1.076429
633 14146018 17554 1.076471
634 14146019 17554 1.076475
635 14146020 17554 1.076620
636 14146021 17554 1.076519
637 14146022 17554 1.076494
638 14146023 17554 1.076357
639 14146024 17554 1.076500
640 14146025 17554 1.076557
641 14146026 17554 1.076618
642 14146027 17554 1.076636
643 14146028 17554 1.076651
644 14146050 17555 1.049100
645 14146052 17555 1.049763
646 14146053 17555 1.049803
647 14146054 17555 1.049926
649 14146056 17555 1.050019
650 14146057 17555 1.050061
651 14146059 17555 1.050086
652 14146060 17555 1.050090
653 14146065 17555 1.050135
654 14146066 17555 1.050225
655 14146067 17555 1.050231
656 14146068 17555 1.050322
657 14146069 17555 1.050339
658 14146072 17555 1.050361
659 14146073 17555 1.050335
660 14146074 17555 1.050336
661 14146084 17556 0.937120
662 14146085 17556 0.937130
663 14147001 17556 0.937210
664 14147002 17556 0.937213
665 14147003 17556 0.937132
666 14147004 17556 0.937132
667 14147005 17556 0.936980
668 14147007 17556 0.936890
669 14147008 17556 0.936794
670 14147009 17556 0.936735
671 14147011 17556 0.936647
672 14147012 17556 0.936614
673 14147014 17556 0.936522
674 14147016 17556 0.936527
675 14147017 17556 0.936501
676 14147049 17558 0.975589
677 14147051 17558 0.975231
678 14147053 17558 0.974915
679 14147054 17558 0.974614
680 14147055 17558 0.974257
681 14147056 17558 0.973989
682 14147057 17558 0.973842
683 14147061 17558 0.973524
684 14147062 17558 0.973496
685 14147063 17558 0.973338
686 14147065 17558 0.973295
687 14147066 17558 0.973118
688 14147067 17558 0.973101
689 14147068 17558 0.973039
690 14147074 17558 0.972747
691 14147076 17558 0.972653
692 14147077 17558 0.972763
693 14148011 17560 1.028464
694 14148012 17560 1.028906
695 14148017 17560 1.029261
696 14148018 17560 1.029417
697 14148020 17560 1.029597
698 14148022 17560 1.029733
699 14148023 17560 1.029708
700 14148024 17560 1.029862
701 14148025 17560 1.029864
702 14148030 17560 1.030154
703 14148033 17560 1.030202
704 14148034 17560 1.030359
705 14148057 17561 1.031857
706 14148058 17561 1.032039
707 14148059 17561 1.032120
710 14148069 17561 1.032674
711 14148070 17561 1.032689
712 14148072 17561 1.032845
713 14148073 17561 1.032815
714 14148074 17561 1.032994
715 14148075 17561 1.032967
716 14148077 17561 1.033104
717 14148078 17561 1.033224
718 14148079 17561 1.033129
719 14148080 17561 1.033338
720 14148081 17561 1.033424
721 14148082 17561 1.033419
722 14149017 17562 0.968647
723 14149020 17562 0.968334
724 14149021 17562 0.968261
725 14149022 17562 0.968144
726 14149024 17562 0.968043
727 14149025 17562 0.967918
728 14149027 17562 0.967858
729 14149028 17562 0.967888
730 14149034 17562 0.967805
731 14149131 17566 0.980986
732 14150002 17568 0.967069
733 14150004 17568 0.967021
734 14150005 17568 0.967000
735 14150011 17568 0.966883
736 14150013 17568 0.966849
737 14150015 17568 0.966754
739 14150131 17570 1.026185
740 14150132 17570 1.026189
741 14150133 17570 1.026262
742 14150135 17570 1.026328
743 14150136 17570 1.026413
744 14150137 17570 1.026347
745 14150138 17570 1.026478
746 14150139 17570 1.026406
747 14151009 17570 1.026490
748 14151012 17570 1.026541
749 14151013 17570 1.026534
750 14151014 17570 1.026643
751 14151019 17571 1.033778
752 14151023 17571 1.032923
753 14151024 17571 1.033053
754 14151030 17571 1.033430
755 14151031 17571 1.033481
756 14151032 17571 1.033553
757 14151033 17571 1.033694
758 14151035 17571 1.034047
759 14151037 17571 1.034321
760 14151038 17571 1.034398
761 14151039 17571 1.034509
763 14151085 17572 0.974811
764 14151089 17572 0.973969
765 14151090 17572 0.973636
766 14151095 17572 0.972962
767 14151098 17572 0.972692
768 14151101 17572 0.972492
769 14151103 17572 0.972321
770 14151104 17572 0.972332
771 14151105 17572 0.972236
772 14151106 17572 0.972108
773 14151109 17572 0.972104
774 14152001 17572 0.971960
775 14152006 17573 0.970694
776 14152008 17573 0.969493
777 14152011 17573 0.968897
778 14152012 17573 0.968630
779 14152014 17573 0.968411
780 14152015 17573 0.968372
781 14152017 17573 0.968255
782 14152018 17573 0.968096
783 14152019 17573 0.968090
784 14152020 17573 0.967969
785 14152022 17573 0.967737
786 14152023 17573 0.967652
787 14152047 17576 1.051702
788 14152048 17576 1.052575
789 14152049 17576 1.053166
790 14152050 17576 1.054024
791 14152051 17576 1.054733
792 14152054 17576 1.055218
793 14152057 17576 1.055525
794 14152058 17576 1.055812
795 14152059 17576 1.055974
796 14152060 17576 1.056170
797 14152065 17576 1.056360
798 14152067 17576 1.056426
799 14152068 17576 1.056488
800 14154009 17581 0.960756
801 14154011 17581 0.960762
802 14154013 17581 0.960648
803 14154016 17581 0.960652
804 14154018 17581 0.960591
805 14155011 17586 1.028696
806 14155048 17586 1.029798
807 14155049 17586 1.029916
808 14155051 17586 1.029900
809 14155056 17586 1.029969
810 14155057 17586 1.030067
811 14155058 17586 1.030083
812 14155059 17586 1.030226
813 14155060 17586 1.030292
814 14155087 17587 0.974224
815 14155092 17587 0.973943
816 14155093 17587 0.973714
817 14155094 17587 0.973726
818 14155095 17587 0.973635
819 14155096 17587 0.973677
820 14155097 17587 0.973735
821 14155099 17587 0.973634
822 14155100 17587 0.973643
823 14156015 17589 0.973678
824 14156016 17589 0.973181
825 14156094 17593 0.968365
826 14158001 17594 1.034914
827 14158003 17594 1.034820
828 14158005 17594 1.034855
829 14158016 17596 1.019094
830 14158017 17596 1.019733
